image: carto1234.pgm
resolution: 0.025000
origin: [-3.372260, -10.002136, 0.000000]
negate: 0
occupied_thresh: 0.65
free_thresh: 0.196

