image: dgcity_sp15.pgm
resolution: 0.025000
origin: [-9.462500, -32.08572, 0.000000]
negate: 0
occupied_thresh: 0.65
free_thresh: 0.196

