image: dgcity_sp3.pgm
resolution: 0.025000
origin: [-13.4000, -30.900000, 0.000000]
negate: 0
occupied_thresh: 0.65
free_thresh: 0.196

