image: hustar_office_edit.pgm
resolution: 0.025000
origin: [-10.000000, -10.000000, 0.000000]
#origin: [-10.213494392673, -9.727512986, 0.000000]
negate: 0
occupied_thresh: 0.65
free_thresh: 0.196


