image: map_913c_2.pgm
resolution: 0.025000
origin: [-6.918032, -11.569595, 0.000000]
negate: 0
occupied_thresh: 0.65
free_thresh: 0.196

