image: map_12345.pgm
resolution: 0.025000
origin: [-8.553701, -11.511634, 0.000000]
negate: 0
occupied_thresh: 0.65
free_thresh: 0.196

