image: map_913c_3.pgm
resolution: 0.025000
origin: [-7.138043, -10.909399, 0.000000]
negate: 0
occupied_thresh: 0.65
free_thresh: 0.196

